Zinfandel
12 13 0 1 2 3 4 5 6 7 8 9 10 11 
0 1 2 3 4 5 12 13 6 7 8 9 10 11 
0 1 2 3 4 5 6 7 8 9 10 11 12 13 

Concord
23 24 0 1 2 3 4 5 6 7 8 9 10 11 12 13 14 15 16 17 18 19 20 21 22 
0 1 2 3 4 5 6 7 8 9 10 23 24 11 12 13 14 15 16 17 18 19 20 21 22 
0 1 2 3 4 5 6 7 8 9 10 11 12 13 14 15 16 17 18 19 20 21 22 23 24 

Malbec
15 16 0 1 2 3 4 5 6 7 8 9 10 11 12 13 14 
0 1 2 3 4 5 6 15 16 7 8 9 10 11 12 13 14 
0 1 2 3 4 5 6 7 8 9 10 11 12 13 14 15 16 

Barbera
12 13 0 1 2 3 4 5 6 7 8 9 10 11 
0 1 2 3 4 5 12 13 6 7 8 9 10 11 
0 1 2 3 4 5 6 7 8 9 10 11 12 13 

Semillon
11 12 0 1 2 3 4 5 6 7 8 9 10 
0 1 2 3 4 11 12 5 6 7 8 9 10 
0 1 2 3 4 5 6 7 8 9 10 11 12 

Merlot
23 24 0 1 2 3 4 5 6 7 8 9 10 11 12 13 14 15 16 17 18 19 20 21 22 
0 1 2 3 4 5 6 7 8 9 10 23 24 11 12 13 14 15 16 17 18 19 20 21 22 
0 1 2 3 4 5 6 7 8 9 10 11 12 13 14 15 16 17 18 19 20 21 22 23 24 

Blanc_Chenin
15 16 0 1 2 3 4 5 6 7 8 9 10 11 12 13 14 
0 1 2 3 4 5 6 15 16 7 8 9 10 11 12 13 14 
0 1 2 3 4 5 6 7 8 9 10 11 12 13 14 15 16 

Riesling
30 31 0 1 2 3 4 5 6 7 8 9 10 11 12 13 14 15 16 17 18 19 20 21 22 23 24 25 26 27 28 29 
0 1 2 3 4 5 6 7 8 9 10 11 12 13 14 30 31 15 16 17 18 19 20 21 22 23 24 25 26 27 28 29 
0 1 2 3 4 5 6 7 8 9 10 11 12 13 14 15 16 17 18 19 20 21 22 23 24 25 26 27 28 29 30 31 

Nebbiolo
12 13 0 1 2 3 4 5 6 7 8 9 10 11 
0 1 2 3 4 5 12 13 6 7 8 9 10 11 
0 1 2 3 4 5 6 7 8 9 10 11 12 13 

Sauvignon_Cabernet
30 31 0 1 2 3 4 5 6 7 8 9 10 11 12 13 14 15 16 17 18 19 20 21 22 23 24 25 26 27 28 29 
0 1 2 3 4 5 6 7 8 9 10 11 12 13 14 30 31 15 16 17 18 19 20 21 22 23 24 25 26 27 28 29 
0 1 2 3 4 5 6 7 8 9 10 11 12 13 14 15 16 17 18 19 20 21 22 23 24 25 26 27 28 29 30 31 

Chardonnay
23 24 0 1 2 3 4 5 6 7 8 9 10 11 12 13 14 15 16 17 18 19 20 21 22 
0 1 2 3 4 5 6 7 8 9 10 23 24 11 12 13 14 15 16 17 18 19 20 21 22 
0 1 2 3 4 5 6 7 8 9 10 11 12 13 14 15 16 17 18 19 20 21 22 23 24 

Viognier
15 16 0 1 2 3 4 5 6 7 8 9 10 11 12 13 14 
0 1 2 3 4 5 6 15 16 7 8 9 10 11 12 13 14 
0 1 2 3 4 5 6 7 8 9 10 11 12 13 14 15 16 

Mourvedre
10 11 0 1 2 3 4 5 6 7 8 9 
0 1 2 3 4 10 11 5 6 7 8 9 
0 1 2 3 4 5 6 7 8 9 10 11 

Gris_Pinot
15 16 0 1 2 3 4 5 6 7 8 9 10 11 12 13 14 
0 1 2 3 4 5 6 15 16 7 8 9 10 11 12 13 14 
0 1 2 3 4 5 6 7 8 9 10 11 12 13 14 15 16 

Grenache
12 13 0 1 2 3 4 5 6 7 8 9 10 11 
0 1 2 3 4 5 12 13 6 7 8 9 10 11 
0 1 2 3 4 5 6 7 8 9 10 11 12 13 

Syrah
20 21 0 1 2 3 4 5 6 7 8 9 10 11 12 13 14 15 16 17 18 19 
0 1 2 3 4 5 6 7 8 9 20 21 10 11 12 13 14 15 16 17 18 19 
0 1 2 3 4 5 6 7 8 9 10 11 12 13 14 15 16 17 18 19 20 21 

Sangiovese
13 14 0 1 2 3 4 5 6 7 8 9 10 11 12 
0 1 2 3 4 5 13 14 6 7 8 9 10 11 12 
0 1 2 3 4 5 6 7 8 9 10 11 12 13 14 

Blanc_Sauvignon
0 1 2 3 4 5 6 7 8 9 10 11 
0 1 2 3 4 10 11 5 6 7 8 9 
10 11 0 1 2 3 4 5 6 7 8 9 

